1:            
0 19
71 90
142 161
213 232
284 303
355 374
426 445
497 516
568 587
639 658
710 729

2: 
25 44
96 115
167 186
238 257
309 328
380 399
451 470
522 541
593 612
664 683
735 754

3:
50 69
121 140
192 211
263 282
334 353
405 424
476 495
547 566
618 637
689 708
760 779

4:
781 800
852 871
923 942
994 1013
1065 1084
1136 1155
1207 1226
1278 1297
1349 1368
1420 1439
1491 1510

5:
806 825
877 896
948 967
1019 1038
1090 1109
1161 1180
1232 1251
1303 1322
1374 1393
1445 1464
1516 1535

6:
831 850
902 921
973 992
1044 1063
1115 1134
1186 1205
1257 1276
1328 1347
1399 1418
1470 1489
1541 1560

7:
1562 1581
1633 1652
1704 1723
1775 1794
1846 1865
1917 1936
1988 2007
2059 2078
2130 2149
2201 2220
2272 2291

8:
1587 1606
1658 1677
1729 1748
1800 1819
1871 1890
1942 1961
2013 2032
2084 2103
2155 2174
2226 2245
2297 2316

9:
1612 1631
1683 1702
1754 1773
1825 1844
1896 1915
1967 1986
2038 2057
2109 2128
2180 2199
2251 2270
2322 2341

X and O:
0 19
21 40
42 61
63 82
84 103
105 124
126 145
147 166
168 187
189 208
210 229









